-- BÚSQUEDA EN PROFUNDIDAD --
──────────────────────────────────────────────────
Número de nodos del grafo: 15
Número de aristas del grafo: 19
Vértice origen: 1
Vértice destino: 9
──────────────────────────────────────────────────
Iteración 1
Nodos Generados: 1
Nodos Inspeccionados: -
──────────────────────────────────────────────────
Iteración 2
Nodos Generados: 1, 3, 2
Nodos Inspeccionados: 1
──────────────────────────────────────────────────
Iteración 3
Nodos Generados: 1, 3, 2, 4, 3
Nodos Inspeccionados: 1, 2
──────────────────────────────────────────────────
Iteración 4
Nodos Generados: 1, 3, 2, 4, 3, 11, 4
Nodos Inspeccionados: 1, 2, 3
──────────────────────────────────────────────────
Iteración 5
Nodos Generados: 1, 3, 2, 4, 3, 11, 4, 12, 6
Nodos Inspeccionados: 1, 2, 3, 4
──────────────────────────────────────────────────
Iteración 6
Nodos Generados: 1, 3, 2, 4, 3, 11, 4, 12, 6, 10, 9, 7, 5
Nodos Inspeccionados: 1, 2, 3, 4, 6
──────────────────────────────────────────────────
Iteración 7
Nodos Generados: 1, 3, 2, 4, 3, 11, 4, 12, 6, 10, 9, 7, 5, 13, 12
Nodos Inspeccionados: 1, 2, 3, 4, 6, 5
──────────────────────────────────────────────────
Iteración 8
Nodos Generados: 1, 3, 2, 4, 3, 11, 4, 12, 6, 10, 9, 7, 5, 13, 12
Nodos Inspeccionados: 1, 2, 3, 4, 6, 5, 12
──────────────────────────────────────────────────
Iteración 9
Nodos Generados: 1, 3, 2, 4, 3, 11, 4, 12, 6, 10, 9, 7, 5, 13, 12, 8
Nodos Inspeccionados: 1, 2, 3, 4, 6, 5, 12, 13
──────────────────────────────────────────────────
Iteración 10
Nodos Generados: 1, 3, 2, 4, 3, 11, 4, 12, 6, 10, 9, 7, 5, 13, 12, 8, 14, 7
Nodos Inspeccionados: 1, 2, 3, 4, 6, 5, 12, 13, 8
──────────────────────────────────────────────────
Iteración 11
Nodos Generados: 1, 3, 2, 4, 3, 11, 4, 12, 6, 10, 9, 7, 5, 13, 12, 8, 14, 7, 15
Nodos Inspeccionados: 1, 2, 3, 4, 6, 5, 12, 13, 8, 7
──────────────────────────────────────────────────
Iteración 12
Nodos Generados: 1, 3, 2, 4, 3, 11, 4, 12, 6, 10, 9, 7, 5, 13, 12, 8, 14, 7, 15, 9
Nodos Inspeccionados: 1, 2, 3, 4, 6, 5, 12, 13, 8, 7, 15
──────────────────────────────────────────────────
Iteración 13
Nodos Generados: 1, 3, 2, 4, 3, 11, 4, 12, 6, 10, 9, 7, 5, 13, 12, 8, 14, 7, 15, 9
Nodos Inspeccionados: 1, 2, 3, 4, 6, 5, 12, 13, 8, 7, 15, 9
──────────────────────────────────────────────────
Camino: 1 -> 2 -> 3 -> 4 -> 6 -> 5 -> 13 -> 8 -> 7 -> 15 -> 9
──────────────────────────────────────────────────
Costo: 67
──────────────────────────────────────────────────
